+12012165000
+12012171295
+12012449017
+12012485293
+12012745579
+12012947044
+12013068465
+12013678461
+12013900159
+12014017328
+12014322116
+12014708801
+12015536233
+12016021958
+12016651383
+12017367248
+12017917600
+12017921716
+12017979101
+12018010233
+12018413392
+12018415670
+12018928930
+12018944000
+12022497950
+12022582913
+12022664744
+12023417165
+12023524899
+12024090400
+12024472935
+12027055739
+12027082690
+12027458189
+12027497661
+12027976225
+12028265789
+12029040716
+12032028900
+12032095779
+12032250876
+12032452679
+12032458836
+12032815581
+12033260014
+12033571044
+12034325613
+12034341914
+12034564698
+12034570269
+12035048194
+12035090308
+12035180369
+12035362032
+12036145600
+12037271345
+12037855228
+12038082186
+12038325869
+12038577003
+12038577176
+12039192113
+12039216232
+12039273272
+12039646000
+12039885843
+12042552723
+12046121693
+12049639118
+12052343902
+12053701343
+12054241951
+12055358616
+12055670290
+12056641420
+12057325321
+12058265938
+12058317524
+12058411562
+12058734028
+12063000516
+12064882458
+12064992695
+12066282111
+12069312434
+12069532159
+12069542622
+12069996271
+12072299124
+12073613903
+12073633403
+12075407044
+12077223683
+12082217768
+12082908991
+12082970256
+12083453938
+12084092744
+12084634317
+12085473794
+12085629573
+12086999966
+12088860598
+12089014969
+12089858429
+12092525646
+12092718590
+12093031029
+12093427276
+12093450013
+12094103922
+12094848826
+12095079821
+12097564981
+12099627060
+12102865399
+12103097215
+12103328872
+12104082500
+12104497702
+12104796907
+12105086798
+12105895820
+12106020000
+12107176281
+12108299000
+12108437153
+12109140989
+12122221940
+12122775754
+12122869344
+12122869570
+12122958000
+12123086126
+12123719759
+12124196500
+12125057061
+12125311051
+12125332224
+12125754410
+12125777700
+12125907100
+12125907413
+12126522869
+12127227318
+12127336276
+12127361555
+12127594111
+12127625948
+12127862255
+12128241751
+12128832754
+12128966600
+12129756743
+12129916523
+12129916540
+12132004352
+12133041194
+12133087832
+12133093963
+12134435590
+12134478629
+12135070669
+12135099895
+12137399211
+12138040458
+12138045864
+12138421317
+12142263567
+12142326100
+12142367350
+12143339797
+12143461200
+12143876988
+12144185092
+12145439442
+12145971437
+12146413306
+12146831527
+12147518277
+12147835647
+12148817575
+12149238075
+12149239274
+12152087960
+12152631053
+12152857404
+12152858574
+12152925972
+12153135707
+12153242617
+12153294280
+12153488158
+12153919152
+12154071157
+12154730835
+12155013215
+12155611950
+12155797535
+12156204838
+12156248185
+12157243398
+12157272707
+12157414693
+12157570168
+12157738353
+12158069939
+12158244000
+12158757387
+12158874750
+12159413057
+12159479689
+12159881588
+12162191235
+12162287481
+12162442072
+12163105938
+12163827880
+12163911782
+12164642017
+12165025383
+12165097894
+12165132044
+12165489820
+12166314645
+12166629120
+12167894430
+12172004054
+12172996443
+12175160215
+12177410114
+12177912579
+12178166308
+12182563474
+12182902893
+12186811468
+12187278431
+12187793297
+12189293482
+12193227951
+12193693748
+12196130183
+12197189811
+12197713001
+12244137782
+12246285989
+12246360723
+12252665836
+12254560063
+12257176451
+12263767147
+12268200973
+12283411064
+12293888047
+12293926832
+12299285401
+12313439377
+12317963544
+12343343074
+12395731233
+12398342779
+12402285000
+12404725642
+12405477356
+12408051234
+12409945886
+12482033700
+12482595351
+12482597664
+12482740225
+12483433768
+12485049036
+12485080144
+12485358538
+12485842682
+12486192800
+12487149578
+12487550760
+12487550761
+12487675704
+12488028177
+12488356203
+12488792051
+12488816080
+12488898640
+12489216434
+12489268295
+12489315869
+12502086860
+12514905870
+12515459072
+12516665983
+12516793164
+12518613018
+12519622323
+12523150341
+12524751897
+12538452639
+12538484996
+12542472109
+12542913588
+12545474454
+12546525557
+12546664345
+12549770344
+12562813296
+12562819087
+12563221299
+12564686760
+12564975672
+12568317524
+12602446367
+12604025972
+12604104340
+12604132946
+12604527900
+12604528555
+12622423996
+12623380263
+12623744435
+12626203490
+12626959142
+12629450804
+12672383217
+12672496002
+12672574139
+12673372845
+12674603329
+12674762005
+12674792234
+12676251007
+12679342136
+12679707087
+12679726119
+12679999334
+12693245346
+12693490075
+12693531837
+12693883844
+12698760934
+12702171677
+12702176749
+12702936866
+12705541796
+12705548765
+12705642412
+12705850354
+12812587187
+12812865540
+12812910470
+12813391735
+12813662000
+12813666355
+12813673531
+12813726082
+12814134151
+12814674691
+12815437651
+12816877424
+12816900941
+12817262331
+12817820197
+12817966013
+12818140960
+12818667142
+12819864400
+12892019123
+12897951203
+13012200100
+13012678440
+13012754828
+13013000802
+13013302214
+13014424274
+13014427476
+13014900770
+13014903059
+13015243463
+13015687717
+13016571692
+13017055408
+13017856933
+13017934823
+13019125459
+13019220799
+13019222207
+13019857000
+13019874000
+13022495887
+13023285232
+13024636391
+13024639126
+13025403286
+13025471506
+13032426735
+13032920261
+13034042221
+13034496953
+13034517374
+13034892778
+13034945478
+13035170245
+13035309104
+13036802456
+13037794900
+13037999090
+13038544574
+13038875455
+13039491291
+13042933096
+13043905959
+13044224507
+13044871729
+13045224883
+13046179287
+13052473561
+13052477013
+13053002328
+13053048324
+13053482494
+13053654500
+13053860924
+13054432328
+13054908155
+13055790500
+13056254171
+13056321440
+13056326668
+13056925529
+13057109549
+13057881518
+13057975440
+13059103712
+13059265573
+13059518055
+13062606100
+13065370431
+13083456303
+13092758141
+13093695980
+13093715698
+13096356549
+13098082771
+13098232100
+13098261325
+13102076621
+13102346701
+13102820807
+13102828208
+13102957911
+13103105996
+13104026843
+13104156726
+13104336292
+13104452928
+13104540139
+13104641198
+13104880774
+13104899339
+13105219637
+13105331178
+13105433043
+13106518836
+13107011869
+13107018309
+13107027017
+13107210120
+13107403742
+13108039080
+13108940626
+13109082634
+13122181197
+13122285400
+13122865308
+13123410022
+13124512434
+13124612121
+13124791555
+13124980787
+13125884990
+13126249047
+13126632021
+13126632222
+13126955953
+13128017200
+13128049567
+13128225000
+13128351577
+13129444848
+13129531181
+13129978000
+13133223000
+13134089689
+13135565000
+13136631332
+13137782210
+13138682400
+13139726000
+13143068286
+13144403953
+13146068978
+13147524791
+13148513400
+13154153090
+13154891890
+13154924556
+13155062873
+13155219391
+13155835332
+13156876393
+13156968281
+13157198975
+13172480954
+13172783830
+13174310270
+13174645000
+13175138425
+13175312814
+13175983615
+13177523544
+13178993182
+13183054108
+13183236405
+13184596415
+13185490892
+13186490436
+13188554715
+13192878063
+13193603249
+13194338366
+13194646576
+13202178328
+13202307964
+13202511722
+13202663633
+13212155282
+13213013675
+13214368790
+13215014837
+13219877861
+13232299404
+13233276238
+13233478187
+13233879927
+13236631527
+13236692725
+13238931464
+13238964448
+13239346806
+13239372951
+13239539801
+13239539825
+13239539850
+13239539853
+13302458360
+13303221521
+13303502419
+13304473144
+13304723629
+13305180611
+13306319596
+13307842961
+13342020252
+13342273802
+13342274150
+13342812354
+13342944393
+13343562095
+13343985311
+13344302424
+13345051481
+13345311875
+13345598701
+13345615247
+13345933503
+13346139112
+13346180006
+13346665983
+13347146682
+13347404004
+13348750535
+13348771138
+13362630859
+13362748401
+13364067706
+13364142163
+13364225518
+13365095907
+13365770027
+13365958917
+13366021206
+13368091495
+13373322055
+13373394553
+13373994553
+13378042156
+13378420431
+13379813600
+13462210117
+13472055455
+13472561927
+13472797920
+13473283381
+13473939780
+13474084029
+13474312191
+13474837041
+13474991642
+13475280828
+13475745373
+13476100256
+13478080611
+13522323932
+13522939342
+13523726389
+13523749657
+13523835926
+13523923261
+13524281292
+13524542010
+13524547459
+13525270924
+13525380829
+13526847443
+13526864859
+13528358628
+13604791387
+13605511843
+13605808813
+13607822639
+13607904818
+13608525819
+13609134501
+13614553640
+13614558858
+13852240247
+13852531636
+13853296318
+13862903022
+13864547459
+13869438080
+14012735270
+14014741321
+14016231114
+14016322263
+14017283805
+14017629120
+14017837265
+14018283750
+14023309600
+14023725588
+14025171133
+14025647132
+14029951301
+14034010400
+14038363411
+14039781108
+14042137677
+14042334142
+14042628400
+14042818567
+14042958432
+14043722445
+14044425476
+14044448474
+14044519991
+14045724600
+14045790670
+14045793797
+14046712628
+14046717126
+14047546327
+14047614468
+14047750745
+14048222150
+14049932628
+14052454559
+14053658900
+14053962683
+14055332633
+14055453064
+14056326668
+14059124593
+14068627327
+14073758229
+14074197188
+14074233313
+14076781277
+14077025286
+14078739307
+14078912871
+14079273867
+14079522819
+14079637565
+14082514319
+14082570000
+14082576850
+14082661275
+14083271600
+14083480610
+14083734109
+14084107266
+14084380969
+14084381785
+14084553650
+14084580422
+14084623900
+14085277512
+14085404865
+14086138858
+14087275555
+14087644000
+14087658080
+14088384208
+14088756044
+14089146000
+14089314760
+14089864000
+14093708368
+14102184927
+14102564542
+14102571676
+14102638686
+14102678440
+14102679474
+14102696116
+14102696322
+14102803227
+14102805265
+14103132880
+14103230458
+14103452000
+14103772143
+14103813571
+14104398914
+14105017896
+14109031706
+14109563737
+14109568770
+14123267449
+14124254477
+14125599080
+14126246648
+14127730426
+14129221132
+14129288859
+14144055480
+14144561582
+14144666290
+14144761231
+14145173935
+14145208555
+14146076812
+14147939152
+14148016966
+14152038774
+14152224652
+14152229670
+14152611685
+14152790238
+14153053942
+14154260226
+14156133676
+14156677000
+14156731092
+14156864689
+14159487399
+14159550855
+14162680535
+14163467044
+14165089367
+14165599551
+14165874080
+14166141155
+14166486680
+14167046335
+14167232253
+14167442007
+14167795738
+14169045844
+14169181946
+14173000389
+14178465949
+14178654051
+14193039054
+14193504671
+14193519268
+14193940024
+14195663945
+14196513643
+14232406845
+14234804611
+14237234770
+14237277398
+14237970840
+14239435077
+14239917657
+14242417340
+14242572651
+14243228741
+14245002045
+14252745915
+14253010200
+14253156513
+14254787942
+14256535589
+14257752589
+14258218651
+14259852622
+14323497544
+14345094836
+14345460778
+14349491000
+14355122705
+14357201043
+14357836050
+14358172828
+14384973753
+14403647350
+14405265161
+14407086530
+14407259469
+14407521105
+14409537023
+14432546577
+14432867422
+14434543311
+14435205173
+14435278722
+14435381778
+14436144000
+14438046433
+14438226850
+14438511078
+14439627539
+14504386010
+14698281092
+14698772000
+14698773059
+14699259307
+14703369939
+14794445048
+14796481966
+14802416509
+14802693325
+14802757826
+14802821291
+14802898933
+14802934375
+14803995539
+14804063473
+14805779562
+14805930033
+14806576745
+14806616114
+14806616154
+14806942159
+14807820776
+14807828207
+14807852059
+14807858520
+14808071840
+14808380003
+14809519656
+14809813816
+14844614516
+14844991926
+14845158132
+14846786920
+14848859756
+14849045593
+15012577351
+15013421000
+15013539792
+15014542184
+15022225388
+15024582597
+15024919250
+15025993980
+15026930425
+15028021361
+15029314526
+15032503561
+15032832337
+15033104756
+15033170807
+15033181582
+15034983547
+15035395932
+15035443260
+15036237272
+15037194599
+15037543623
+15038167229
+15038282923
+15038311418
+15038668407
+15039305142
+15043336627
+15044186652
+15044322112
+15044515784
+15052727253
+15054026960
+15055227335
+15056812382
+15056815948
+15058650366
+15059942624
+15073574955
+15076261384
+15078255692
+15079311682
+15083036996
+15083538943
+15084060112
+15084293918
+15084295918
+15084351000
+15084432328
+15084496550
+15085232309
+15085286579
+15085662705
+15085877700
+15086424194
+15086607073
+15086974985
+15088021040
+15089541272
+15089708161
+15094403573
+15094609302
+15097807414
+15098433048
+15099530878
+15099672309
+15102094097
+15102715910
+15102715953
+15103877264
+15105128845
+15105308295
+15105400180
+15105977975
+15106196895
+15106556500
+15107918227
+15108607589
+15108617775
+15109150222
+15122921075
+15123100777
+15123102269
+15123384400
+15124733200
+15124946298
+15125071498
+15125696970
+15125697006
+15125892738
+15126151800
+15126230814
+15126360858
+15126574013
+15126999717
+15127732237
+15127779810
+15128255393
+15128445728
+15129475896
+15129659618
+15132365139
+15132451694
+15132672125
+15132847936
+15133172472
+15133179380
+15133184606
+15133210576
+15133742235
+15133857188
+15134448373
+15134619682
+15135054998
+15135392862
+15135797000
+15138849149
+15138851908
+15139234006
+15139831100
+15142940247
+15143586341
+15145062224
+15149154803
+15152224800
+15154914640
+15155544371
+15156979551
+15158518680
+15158876243
+15162826281
+15163281907
+15163983482
+15164235566
+15164865959
+15165782069
+15165824005
+15165863605
+15165864130
+15166240270
+15166505585
+15167764386
+15168335306
+15168409047
+15168704124
+15169715078
+15169931369
+15172409680
+15175232062
+15177758271
+15179936455
+15182356040
+15182652219
+15182679659
+15183508086
+15183708797
+15183788646
+15188662258
+15192921485
+15202363130
+15202433803
+15202992545
+15204905945
+15205278548
+15206098515
+15206311917
+15207417061
+15304121928
+15307521011
+15402316179
+15403145346
+15404491988
+15405334450
+15405977299
+15408503994
+15414847903
+15414874186
+15415437559
+15415874320
+15416892659
+15417912293
+15418857405
+15419105504
+15592170555
+15592880359
+15592910634
+15593498122
+15593953099
+15594397490
+15595777775
+15596796243
+15596849103
+15596962517
+15598164539
+15598248434
+15599772174
+15612120506
+15612129293
+15612331748
+15612602154
+15612626300
+15612763328
+15613086496
+15613505804
+15614296209
+15614519182
+15615026229
+15615096565
+15616151784
+15616331418
+15616359852
+15617031015
+15617621196
+15617763018
+15617930333
+15619006205
+15619128000
+15619322000
+15622092789
+15622347716
+15624337656
+15625660741
+15626969639
+15627454570
+15627606202
+15627872697
+15627971894
+15628966912
+15634512708
+15704361937
+15705460200
+15705756167
+15712080942
+15712286363
+15712462551
+15712698116
+15714283750
+15714559760
+15714887079
+15715120688
+15734452243
+15734500932
+15734711830
+15734722714
+15734727227
+15734730508
+15745833751
+15803234501
+15803318681
+15805924582
+15805924726
+15807160451
+15807491443
+15852255093
+15852583500
+15853141363
+15857033896
+15857244000
+15857554589
+15857663999
+15857984970
+15858726197
+15859242176
+15863220626
+15863232750
+15863395225
+15867070550
+15868554630
+15869435846
+15879362664
+16012012494
+16013315056
+16013730545
+16014159198
+16014159845
+16019549757
+16022250515
+16023272504
+16023703853
+16023773993
+16026254516
+16026823500
+16026978817
+16028199616
+16029438950
+16029441504
+16033034522
+16033392383
+16033975008
+16034981619
+16036676448
+16038488839
+16038904000
+16039293088
+16043193856
+16045064301
+16046790657
+16047292873
+16047688081
+16052141242
+16053563301
+16053665595
+16053671771
+16055920113
+16066749530
+16072221506
+16072447241
+16072698114
+16073301161
+16074278914
+16075928395
+16075928401
+16077271192
+16077294162
+16077481679
+16077543498
+16082073934
+16082190737
+16082196846
+16082632400
+16083454934
+16083653111
+16084493703
+16086987979
+16087721198
+16088326208
+16089887982
+16092718317
+16092752700
+16093068077
+16093353335
+16094524440
+16095752266
+16095770109
+16095852757
+16096888922
+16099530532
+16102136002
+16102823800
+16103667525
+16103950195
+16104535213
+16104900889
+16105044054
+16105135948
+16105706047
+16106232792
+16106310600
+16106536234
+16106761000
+16106762345
+16106878040
+16107246303
+16107595599
+16107595698
+16107933116
+16108585960
+16108743765
+16108749295
+16108968100
+16109051919
+16109645100
+16122030180
+16122272159
+16122272373
+16122320028
+16122326762
+16122420968
+16122450897
+16124078393
+16127010637
+16127082713
+16127089766
+16128981571
+16132658293
+16136200799
+16137699120
+16138646181
+16138662884
+16142083559
+16142396829
+16142831200
+16143167073
+16143489440
+16145373099
+16145373330
+16145601745
+16145612390
+16145821039
+16147921711
+16148461278
+16148866019
+16152197424
+16152243918
+16152362265
+16152681431
+16153279111
+16153880961
+16154692236
+16154822864
+16155223721
+16155874559
+16156683222
+16156895564
+16157516203
+16157857726
+16158933162
+16159267928
+16162128621
+16162586068
+16164585560
+16169901143
+16172328900
+16172332227
+16172332738
+16172419200
+16172725910
+16173948283
+16174178979
+16175048142
+16175675228
+16175716332
+16178255788
+16178722824
+16178774434
+16179637723
+16182526325
+16182735551
+16182888024
+16182940351
+16182940737
+16183227455
+16183456235
+16185481652
+16188418155
+16189673844
+16189727090
+16192463868
+16192916620
+16193665857
+16194443554
+16195490322
+16196540293
+16197436716
+16198408344
+16203602676
+16203813915
+16207277670
+16232622400
+16233308130
+16233632857
+16235129396
+16238538883
+16239722934
+16262158030
+16262837319
+16263038885
+16263751914
+16265776575
+16265783500
+16266365015
+16267057709
+16267809984
+16268336118
+16269150993
+16302345943
+16302485725
+16302533452
+16303019649
+16303789339
+16304479337
+16305251863
+16306387357
+16306606602
+16306606692
+16306962191
+16307928500
+16307935188
+16308509554
+16312241656
+16312241677
+16312836207
+16313682368
+16314050207
+16314186193
+16314678686
+16314842532
+16315817626
+16316640951
+16318060507
+16318752361
+16362331808
+16363493121
+16365280519
+16413515991
+16413738903
+16416234474
+16417771079
+16462211133
+16462282850
+16462584247
+16463144419
+16463226155
+16463342929
+16463453945
+16463705730
+16466372383
+16466649001
+16468294400
+16469122807
+16472054443
+16472122074
+16473829129
+16474003059
+16475296078
+16477019615
+16477079745
+16477822679
+16478245202
+16478795755
+16479784119
+16502241279
+16502417491
+16502516100
+16502530000
+16502730422
+16503035820
+16503657111
+16504327350
+16504900597
+16505042888
+16505434800
+16505668268
+16506901528
+16507169778
+16508518121
+16509246200
+16509248117
+16509440273
+16512467411
+16514663000
+16517388677
+16572475613
+16612361977
+16613317125
+16613630737
+16613630839
+16619176244
+16622891180
+16622895438
+16622899206
+16625826170
+16625828261
+16627700647
+16627929003
+16628719953
+16782482969
+16782498883
+16783232500
+16784722100
+16784738611
+16785131605
+16786296508
+16786655454
+16786973623
+16787026545
+16787053755
+16787361603
+16787611609
+16787938322
+16788232098
+16789078595
+16789100837
+16789455233
+16789719229
+16789775211
+16824656448
+16825563659
+17012264343
+17022456031
+17022500138
+17022704432
+17023016153
+17023026582
+17023026584
+17023338888
+17024195724
+17024606600
+17025049901
+17025417777
+17026228111
+17026363663
+17028972385
+17032241401
+17032737500
+17033002576
+17034255753
+17034705660
+17035732449
+17035942282
+17035943139
+17036230642
+17036386454
+17036583400
+17037078890
+17037295133
+17037593319
+17037951142
+17038180800
+17038417800
+17038675196
+17039025000
+17039657009
+17039753943
+17039873064
+17042871424
+17043698080
+17043723486
+17043865681
+17045260195
+17045453726
+17046077482
+17046366454
+17046875727
+17047477255
+17048323196
+17048412099
+17048676314
+17049576012
+17049658738
+17049699066
+17056267231
+17062656733
+17063263457
+17063263458
+17063662463
+17064954324
+17065044621
+17066590262
+17066919856
+17068462842
+17068969796
+17069890968
+17069893355
+17069899982
+17072929088
+17073280909
+17073630500
+17074351100
+17076498506
+17076895409
+17077038164
+17077038321
+17078398800
+17078619476
+17082853825
+17082875585
+17083077933
+17083665008
+17084082957
+17085173738
+17085348874
+17086427245
+17088702112
+17089834059
+17122511487
+17123041766
+17125204977
+17132235787
+17133585236
+17134713423
+17134948678
+17135902986
+17135916113
+17136661171
+17136959827
+17143081856
+17143129102
+17143624912
+17143912375
+17144697602
+17145581970
+17145587087
+17145739604
+17146974070
+17147746233
+17147753127
+17147784961
+17148091498
+17148309616
+17148383110
+17149067091
+17152105171
+17153444100
+17156340101
+17158392121
+17159660238
+17159771772
+17164746932
+17165315189
+17165539356
+17166622607
+17166930001
+17166941067
+17167734055
+17168121293
+17168129317
+17168339038
+17168381711
+17168424470
+17169069617
+17169984888
+17172629750
+17172633692
+17173348803
+17175810323
+17176394167
+17176681115
+17177649811
+17178659713
+17182313829
+17182527008
+17183324364
+17184044264
+17184302000
+17184352525
+17184363753
+17184477702
+17185122929
+17185754538
+17187107738
+17187270452
+17188124032
+17188153450
+17189351440
+17189672332
+17192175858
+17193148793
+17195470316
+17195748772
+17202847440
+17204047129
+17204488340
+17205600016
+17208778677
+17208898703
+17242661868
+17244162000
+17244623940
+17245504089
+17248820252
+17249418680
+17272155141
+17272478218
+17273657562
+17273782310
+17274490610
+17274579726
+17274579822
+17274758780
+17275157817
+17275307779
+17275428540
+17276120191
+17276378824
+17276425858
+17277685816
+17319896000
+17322231201
+17322250515
+17322671350
+17322752851
+17322871869
+17323703671
+17323975353
+17324212755
+17324460285
+17326041868
+17326491145
+17327185802
+17328730829
+17329105421
+17329610500
+17329728609
+17342237155
+17342464550
+17342835510
+17345138314
+17346357221
+17347877007
+17348460342
+17405061330
+17406296015
+17409697250
+17409730312
+17544231850
+17572224837
+17572355137
+17572891143
+17573213420
+17573406970
+17573714466
+17573737605
+17574468600
+17574468698
+17574787212
+17574998467
+17575898656
+17575898669
+17576511505
+17577291623
+17577711324
+17577731695
+17577767249
+17577846643
+17578684538
+17584569000
+17602023924
+17602310775
+17602882052
+17603247857
+17603252275
+17603658957
+17603904218
+17604014945
+17604097775
+17604152074
+17604890156
+17605290013
+17607203729
+17608034326
+17608034632
+17609441751
+17609444417
+17609693268
+17633772195
+17634216021
+17635049862
+17635368590
+17637424593
+17637425165
+17652784832
+17653783051
+17654977588
+17654979709
+17655521896
+17655869956
+17656106430
+17656420288
+17657953654
+17702277949
+17702895180
+17703633306
+17703693076
+17703777373
+17704033145
+17704471001
+17705900424
+17708462842
+17708815959
+17709044697
+17722374823
+17723363063
+17723376532
+17723422877
+17732811897
+17733018951
+17734594406
+17735440070
+17742409458
+17743642987
+17752206339
+17752673209
+17755755309
+17757724602
+17757820243
+17758134000
+17758134730
+17787884739
+17788212892
+17788754942
+17789910170
+17802387623
+17802982625
+17803408723
+17804046898
+17804055817
+17804905330
+17806326479
+17812444483
+17812469400
+17812591874
+17814131459
+17814491566
+17814671758
+17815690607
+17816819240
+17816842073
+17817181638
+17818271395
+17818918584
+17818996929
+17852211953
+17852214575
+17852722451
+17852731100
+17853303318
+17854082805
+17854244268
+17855506397
+17862827749
+17863805180
+17866814477
+17868034410
+17875904230
+17876855197
+17878251184
+18004264968
+18004686478
+18004833220
+18005444186
+18008694490
+18012246485
+18012743280
+18015562062
+18015997888
+18016452568
+18016521330
+18016602470
+18016715267
+18018399953
+18019792895
+18022596087
+18027524367
+18028793339
+18028993572
+18037142000
+18037465337
+18042265563
+18042430623
+18042733012
+18042831920
+18043057691
+18043500323
+18043930182
+18046420769
+18048270152
+18048280100
+18049210259
+18052340750
+18052767692
+18054152078
+18054488001
+18054517775
+18054521695
+18054608426
+18055262622
+18055516187
+18055848058
+18056657719
+18056658703
+18056827111
+18059331585
+18065430884
+18066512000
+18067650499
+18082504825
+18083874840
+18085376100
+18103336833
+18104173801
+18123051751
+18123449294
+18123775000
+18127978013
+18134070898
+18134956786
+18137581676
+18137775047
+18138425235
+18138431446
+18138553807
+18142331746
+18143161081
+18143713760
+18143714101
+18145712064
+18147963865
+18148335353
+18148609946
+18148829791
+18153433578
+18153722452
+18153993356
+18154513711
+18156544500
+18157085265
+18157577038
+18157741592
+18158140634
+18158833663
+18163449399
+18167693186
+18169148221
+18172680430
+18173263601
+18174787387
+18175614686
+18176296104
+18176737690
+18176835313
+18177109239
+18177214106
+18179074513
+18179268477
+18179268723
+18179925169
+18179925609
+18182231936
+18182490990
+18182876100
+18182912363
+18182943360
+18183494568
+18183614422
+18183712656
+18183992976
+18184686756
+18185210668
+18186205165
+18187266665
+18187358800
+18189320725
+18189576101
+18189925896
+18194690304
+18198590755
+18282642551
+18282895020
+18283191930
+18284962258
+18285273765
+18287242376
+18287348900
+18298853151
+18303025383
+18306061497
+18306097749
+18306257279
+18306262328
+18312360290
+18313598557
+18322767555
+18323918081
+18325445270
+18326611917
+18326707141
+18327234267
+18327881224
+18328929272
+18432226251
+18432227361
+18433451952
+18434378231
+18435562624
+18436641714
+18436800087
+18437623750
+18439071955
+18439918724
+18452382001
+18452382006
+18452383282
+18454244800
+18454464731
+18454903040
+18458934268
+18458959745
+18472040380
+18472236128
+18472832211
+18472834065
+18473631226
+18473831529
+18473873051
+18474091286
+18474193300
+18475148250
+18475410000
+18476089706
+18476089777
+18476151500
+18476470300
+18476570680
+18477023297
+18477108986
+18477318810
+18477415474
+18478232397
+18478666055
+18478850857
+18479980931
+18502223168
+18502844272
+18502949680
+18503413345
+18503702689
+18504246362
+18505329928
+18505725815
+18552008006
+18564577268
+18569058185
+18572108358
+18572847820
+18574981012
+18583576817
+18583663636
+18583820150
+18583858800
+18585876662
+18586102640
+18586172000
+18588641500
+18592311410
+18593147359
+18593803158
+18598583581
+18599259867
+18599778600
+18603671501
+18606556685
+18606571138
+18606701521
+18606846121
+18606846893
+18607980792
+18607981757
+18608744600
+18609677131
+18622027837
+18634253481
+18636604154
+18636665983
+18643609377
+18645671094
+18648046528
+18654579460
+18664132563
+18664383622
+18669771542
+18703155509
+18703169075
+18705788046
+18728008564
+18768690749
+18772329429
+18776269683
+18882363560
+18885743211
+18887834662
+19012056576
+19012707386
+19013339946
+19013531981
+19013864585
+19014094585
+19014588000
+19014751320
+19015502845
+19017511864
+19017532712
+19017578171
+19018708883
+19024488938
+19026987590
+19032696889
+19033720782
+19035562403
+19035948244
+19036321874
+19037352342
+19037802126
+19038328398
+19042375753
+19042464386
+19042522586
+19042558200
+19042873008
+19042878507
+19043461500
+19043751422
+19043864492
+19044297770
+19046086875
+19046460199
+19047728918
+19048591778
+19049003377
+19056215534
+19057832025
+19058145199
+19062310315
+19065232075
+19068844192
+19072232457
+19072521241
+19072760100
+19073066186
+19073471061
+19073822308
+19076440963
+19078844374
+19078848443
+19082320231
+19082952708
+19083038977
+19083698109
+19083702689
+19083807183
+19083814662
+19083997479
+19084231000
+19084392200
+19085617717
+19085617960
+19085811939
+19086549305
+19086987897
+19087451560
+19087701538
+19088091200
+19089075458
+19097311787
+19097323392
+19098999566
+19102462211
+19102691060
+19105479814
+19105750733
+19105790721
+19105797647
+19105797833
+19107545517
+19107547002
+19107547109
+19122242711
+19122474956
+19123226568
+19125535382
+19125538287
+19126614402
+19127291396
+19127292933
+19128264138
+19128264416
+19128821396
+19128822697
+19132196754
+19132618061
+19134381900
+19135295200
+19136385059
+19136610319
+19136833520
+19139403554
+19139806469
+19142385215
+19142601931
+19142990125
+19143204339
+19144038440
+19144196796
+19144228183
+19144716226
+19144757985
+19146329063
+19146378574
+19147088818
+19147633086
+19149497296
+19153734338
+19153814414
+19158677001
+19162439049
+19162572332
+19163164046
+19163204042
+19163903336
+19164025150
+19164122800
+19165172554
+19165216192
+19165483423
+19165483775
+19166451919
+19166632026
+19167817676
+19168016801
+19168372583
+19168786172
+19172079387
+19172220100
+19172241656
+19172250515
+19172734170
+19173184549
+19173283967
+19173453414
+19173732690
+19174002202
+19174409388
+19174741533
+19174972393
+19174996332
+19176892486
+19176918894
+19176921636
+19178059646
+19178538272
+19178599442
+19178638474
+19179712131
+19183481151
+19183715697
+19185921218
+19186363936
+19186458867
+19186873672
+19186940569
+19189357548
+19192181311
+19192745478
+19193060310
+19194139865
+19194146085
+19194603469
+19195231886
+19195264040
+19195385343
+19195620223
+19196417632
+19197541171
+19197543700
+19197810589
+19197823860
+19198007346
+19199425506
+19199570644
+19202030461
+19202034215
+19202135702
+19202423024
+19203238184
+19205176750
+19206600421
+19206604476
+19207308383
+19209606727
+19252090993
+19252365000
+19253254258
+19253651167
+19255658619
+19257194467
+19257860821
+19259809627
+19283803340
+19285278663
+19287928797
+19312471102
+19313711348
+19314618800
+19314618805
+19316823259
+19316823265
+19316981130
+19372722262
+19372867763
+19373085770
+19374058542
+19374753577
+19374983011
+19376486416
+19378693615
+19403210593
+19403655863
+19403894687
+19403951845
+19404979152
+19414875000
+19415876588
+19417419755
+19417472880
+19417509760
+19417780592
+19417790142
+19417790348
+19417792040
+19418946469
+19419232646
+19492310751
+19492408378
+19492445355
+19492498378
+19492514319
+19492576820
+19492727200
+19492739520
+19493052943
+19493637502
+19493871158
+19494006573
+19494598220
+19494632586
+19494787414
+19495147679
+19496777054
+19497358900
+19498333000
+19499736585
+19512337238
+19513377860
+19513546196
+19517333800
+19528981571
+19529496905
+19542003950
+19543361907
+19543970109
+19544948128
+19545993128
+19546242442
+19546479451
+19546484928
+19546521874
+19548850803
+19562082559
+19564594157
+19565103077
+19565511479
+19566828101
+19703093203
+19703793778
+19706199455
+19706865930
+19712211092
+19715060893
+19722306166
+19723529636
+19723986525
+19724311000
+19724975350
+19725377889
+19725642551
+19725646425
+19725760826
+19725898751
+19726200203
+19726335736
+19726648300
+19727452338
+19728160945
+19728242348
+19729106082
+19729439533
+19729653677
+19729809917
+19729875420
+19732089433
+19732264494
+19732635100
+19732961147
+19733031037
+19733355550
+19733380161
+19734009738
+19734323435
+19734955555
+19735258428
+19735345398
+19735861189
+19736164778
+19736606793
+19736845813
+19737068425
+19737773179
+19782412735
+19782507900
+19782561767
+19783386500
+19783726288
+19783901118
+19783943282
+19784407297
+19784436557
+19785826488
+19786970099
+19788375000
+19789759600
+19793160107
+19793735740
+19795408748
+19856514275
+19892685795
+19893702279